Virgilius:
Aen. 2, 719
37 30
44
ἐξ
75
109
126
127
157
183
243
389
409
423
484
520
556
619
662
669
677
687
704
4, 11, 12, 13
13
41
42
68
73
136
137
174
223
359
367
373
381
483
487
511

LOCI CITATI

XIII, 21, 1

X, 102

IX, 2, 82

ΙΙ, 21, 16

Ῑ7 36, ²2

1, 37, 16

2> ἐκ 23
7 7

X, 154

Ι, 36, 8

Ι, 36, 14

X, 211

XIV, 6, 35

I, 357 2

Ι, 37, 21

XIX, 22, 22

XIX, 3, 1

ΙΙΙ, 20, 2

Ι, 37, 11

Ι, 37, 17
X, 216

X, 269
XII, 67 54
XIV, 16, 33
ΙΧ, 7, 28
ΙΙ, 30, 12
Χ, 136

ΙΧ, 2, 107
XIII, 10, 8
XVII, 9, 29
Ι, 34, 10
XIX} 337 8
v, 27, 26
X, 158

XI, 1, 46
XIV, 3, 33
ΙΙ, 21, 15
II, 21, 18
IX, 2, 123
VIII, 9, 6
VIII, 11, 57

558 ΙΙ, 21, 4ο; I, 37, 32
569II,30,6;XVIII,15,9

584

660

687

5, 20

157

199

I, 377 Ῑ5
Ῑ7 36, 10
XII> 6, 54
XIII, 7, 2

I, 37, 6
XIV, 8, 24

208 VIII, 7, 2 ; XVIII,7‚

233

Virgilius ε
Aen. 5, 273
287
407
588
683
817
6, 19
86
119
204
311
365
411
412
631
646
773
781
77 83
133
162
188
266
363
, 519
637
732
741

759
817

8, 1 13
147
232
313
364
405
430

446
526

560
64 1
660
666
97 Ῑ

26

76

95
223
23 1
459

XV, 16, 7
I, 34⁷ 4

I, 377 11
ΙΙ, 21, 25
IV, 6, 18

I, 377 ¹0

Ι, 37, 5
XVIII, Ι, 9

Ι, 37, 35
XVI, 18, 1
Ι, 37, Ι3
ΙΙ, 21, 18
XIX, 2, 5

XV, 6, 8 3 XIX, 2, 2

X, 110

III, 22, 4

Ι, 35, 4

XV, 1, 1

Ι, 18, 6

νῙ7 19, 32
ΙΧ, 3, 37
XVIII, 12, 3
IX? 37. Ῑ9

ῙῙ7 307 7
XVIII, 4, 4
XVIII, 4, 5
XVIII, 12, 5
XVIII, 7, 7
Ι, 36.- 9
XVIII, 7, 11
ΙΙ, 21, 16

ΙΙ, 30, 11

Χ, 101

XV, 1, 1; 55
ΙΙ, 21, 20

I, 377 Ῑ5
XIII, 11, 22
XVI, 21, 1
XVIII, 4, 23 ΙΙΙ,
21, 3

ΙΙ, 21, 18
XVIII, 1, 11
IX, 2, 104
XX? 12, 4

Ι, 35, 5

Ι, 357 4

Ι, 37, 9

ΙΙ, 30, 8

ΙΙ, 21, 15

1, 35, 3

Ι, 37, 15

